"Estimate"	"Std_Error"	"z_value"	"p_value"
"item_fr01 y>=2"	3,712	NA	NA	NA
"item_fr01 y>=3"	1,99	0,033	60,146	0
"item_fr01 y>=4"	0,531	0,038	13,914	0
"item_fr01 Dscrmn"	1,16	0,056	20,795	0
"item_fr03a y>=2"	1,447	0,066	22,092	0
"item_fr03a y>=3"	-0,353	0,064	-5,502	0
"item_fr03a y>=4"	-2,149	0,066	-32,325	0
"item_fr03a Dscrmn"	1,756	0,082	21,292	0
"item_fr05a y>=2"	2,277	0,056	40,495	0
"item_fr05a y>=3"	0,272	0,053	5,182	0
"item_fr05a y>=4"	-1,828	0,054	-33,743	0
"item_fr05a Dscrmn"	1,407	0,066	21,302	0
"item_fr06 y>=2"	2,389	0,065	36,982	0
"item_fr06 y>=3"	0,773	0,062	12,563	0
"item_fr06 y>=4"	-0,945	0,061	-15,391	0
"item_fr06 Dscrmn"	1,695	0,08	21,293	0
"item_fr02 y>=2"	3,009	0,061	49,617	0
"item_fr02 y>=3"	1,278	0,055	23,219	0
"item_fr02 y>=4"	-0,87	0,054	-16,217	0
"item_fr02 Dscrmn"	1,483	0,07	21,288	0
"item_fr04a y>=2"	3,191	0,1	31,926	0
"item_fr04a y>=3"	1,018	0,095	10,67	0
"item_fr04a y>=4"	-1,498	0,096	-15,626	0
"item_fr04a Dscrmn"	2,662	0,125	21,275	0
"item_fn02 y>=2"	-0,123	0,02	-6,034	0
"item_fn02 y>=3"	-1,941	0,024	-81,82	0
"item_fn02 Dscrmn"	0,469	0,026	18,254	0
"item_abtreib1 Intercept"	0,573	0,064	8,989	0
"item_abtreib1 Dscrmn"	1,626	0,085	19,086	0
"item_abtreib2 Intercept"	0,574	0,054	10,711	0
"item_abtreib2 Dscrmn"	1,329	0,07	18,88	0
"item_abtreib3 Intercept"	-0,428	0,058	-7,396	0
"item_abtreib3 Dscrmn"	1,494	0,079	18,927	0
"item_abtreib4 Intercept"	0,127	0,068	1,875	0,061
"item_abtreib4 Dscrmn"	1,778	0,093	19,189	0
"item_sterbe y>=2"	1,796	0,04	45,443	0
"item_sterbe y>=3"	0,873	0,033	26,483	0
"item_sterbe y>=4"	-0,961	0,032	-30,067	0
"item_sterbe Dscrmn"	0,573	0,037	15,385	0
"item_hasch y>=2"	0,356	0,038	9,404	0
"item_hasch y>=3"	-0,916	0,04	-22,872	0
"item_hasch y>=4"	-2,859	0,056	-50,819	0
"item_hasch Dscrmn"	0,834	0,049	17,086	0
"item_homo y>=2"	2,682	0,067	40,001	0
"item_homo y>=3"	1,767	0,059	29,948	0
"item_homo y>=4"	0,17	0,052	3,27	0,001
"item_homo Dscrmn"	1,286	0,072	17,832	0
"item_iw05 y>=2"	2,064	0,042	49,086	0
"item_iw05 y>=3"	0,375	0,035	10,806	0
"item_iw05 y>=4"	-1,419	0,038	-36,877	0
"item_iw05 Dscrmn"	0,764	0,042	18,31	0
"item_iw02 y>=2"	1,145	0,041	27,929	0
"item_iw02 y>=3"	-1,016	0,041	-24,788	0
"item_iw02 y>=4"	-2,883	0,056	-51,545	0
"item_iw02 Dscrmn"	0,924	0,049	18,837	0
"item_iw06 y>=2"	3,984	0,081	49,108	0
"item_iw06 y>=3"	1,611	0,048	33,433	0
"item_iw06 y>=4"	-1,061	0,045	-23,805	0
"item_iw06 Dscrmn"	1,033	0,054	19,089	0
"item_iw07 y>=2"	2,564	0,052	49,669	0
"item_iw07 y>=3"	0,363	0,041	8,783	0
"item_iw07 y>=4"	-1,934	0,049	-39,815	0
"item_iw07 Dscrmn"	0,981	0,051	19,186	0
"item_im19 y>=2"	1,803	0,04	45,292	0
"item_im19 y>=3"	-0,358	0,038	-9,409	0
"item_im19 y>=4"	-2,288	0,042	-54,77	0
"item_im19 Dscrmn"	1,02	0,049	21,026	0
"item_im20 y>=2"	2,356	0,049	47,873	0
"item_im20 y>=3"	-0,072	0,046	-1,577	0,115
"item_im20 y>=4"	-2,206	0,049	-45,412	0
"item_im20 Dscrmn"	1,25	0,059	21,128	0
"item_im21 y>=2"	3,209	0,05	64,682	0
"item_im21 y>=3"	1,006	0,041	24,245	0
"item_im21 y>=4"	-1,198	0,041	-28,983	0
"item_im21 Dscrmn"	1,103	0,052	21,006	0
"item_mi02 y>=2"	1,716	0,032	53,624	0
"item_mi02 y>=3"	-1,863	0,032	-57,978	0
"item_mi02 Dscrmn"	0,593	0,035	16,869	0
"item_mi04 y>=2"	0,978	0,026	37,45	0
"item_mi04 y>=3"	-2,3	0,034	-68,273	0
"item_mi04 Dscrmn"	0,486	0,031	15,585	0
"item_ma01 y>=2"	0,561	0,02	27,417	0
"item_ma01 y>=3"	-0,079	0,02	-3,946	0
"item_ma01 y>=4"	-0,855	0,021	-41,316	0
"item_ma01 y>=5"	-2,073	0,025	-81,944	0
"item_ma01 y>=6"	-3,114	0,035	-89,344	0
"item_ma01 Dscrmn"	0,41	0,025	16,447	0
"item_ma04 y>=2"	2,446	0,029	84,259	0
"item_ma04 y>=3"	2,037	0,025	80,614	0
"item_ma04 y>=4"	1,661	0,023	73,349	0
"item_ma04 y>=5"	-1,512	0,02	-77,511	0
"item_ma04 y>=6"	-2,065	0,023	-90,282	0
"item_ma04 Dscrmn"	0,249	0,022	11,343	0
"item_ma02 y>=2"	2,231	0,028	80,769	0
"item_ma02 y>=3"	1,776	0,024	74,4	0
"item_ma02 y>=4"	1,236	0,021	59,441	0
"item_ma02 y>=5"	-0,905	0,018	-49,978	0
"item_ma02 y>=6"	-1,683	0,021	-79,455	0
"item_ma02 Dscrmn"	0,288	0,023	12,737	0
"item_ma03 y>=2"	1,942	0,026	74,727	0
"item_ma03 y>=3"	1,509	0,023	64,89	0
"item_ma03 y>=4"	1,071	0,021	50,062	0
"item_ma03 y>=5"	-1,084	0,02	-54,499	0
"item_ma03 y>=6"	-1,859	0,023	-79,939	0
"item_ma03 Dscrmn"	0,355	NA	NA	NA
